6                                                

1.031195452723312e-02 -1.005184648693572e-01
5.262604474631435e-05 1.005131473422049e-01

4.798140198945598e+00 -5.017007437065325e+00
5.228717161859283e+00 4.603848104183944e+00

2.031773773140949e+00 1.803393991400881e-02
-8.728531134443411e-02 3.948440760669853e-01

1.049584988734864e-04 -1.989949493723170e+01
-5.261211169838020e-05 1.989949493681928e+01

-2.042393839317592e+00 1.605611420526942e-02
8.781830155367867e-02 3.980264022312148e-01

-4.797937045795058e+00 -5.017069214952905e+00
-5.229250166001576e+00 4.603273333356374e+00

